Welcome to OpenCAP: An open-source program for studying resonances in molecules.
Version 1.0.3
Developed by James Gayvert and Ksenia Bravaya. Distributed under the MIT license.
For questions and support, please visit: https://github.com/gayverjr/opencap

Starting perturbative CAP calculation.
Number of basis functions:23
Reading in Hamiltonian from:heff.in
Successfully read in zeroth order Hamiltonian from file:heff.in
HERE
Reading densities from file:be_combined_densities.fchk
Done.
Verified overlap matrix.
Calculating CAP matrix in AO basis using 4 threads.
Radial precision: 1.00e-18 Angular points: 590
Grid for atom 1 has: 198 radial points, 590 angular points, 116820 total points.
Integration time:0.139056
Printing out matrices required for Perturbative CAP calculation.
Number of states: 20
Zeroth order Hamiltonian
-1.4635074140e+01  0.0000000000e+00  0.0000000000e+00  0.0000000000e+00  0.0000000000e+00  0.0000000000e+00  0.0000000000e+00  0.0000000000e+00  0.0000000000e+00  0.0000000000e+00  0.0000000000e+00  0.0000000000e+00  0.0000000000e+00  0.0000000000e+00  0.0000000000e+00  0.0000000000e+00  0.0000000000e+00  0.0000000000e+00  0.0000000000e+00  0.0000000000e+00
 0.0000000000e+00 -1.4635074130e+01  0.0000000000e+00  0.0000000000e+00  0.0000000000e+00  0.0000000000e+00  0.0000000000e+00  0.0000000000e+00  0.0000000000e+00  0.0000000000e+00  0.0000000000e+00  0.0000000000e+00  0.0000000000e+00  0.0000000000e+00  0.0000000000e+00  0.0000000000e+00  0.0000000000e+00  0.0000000000e+00  0.0000000000e+00  0.0000000000e+00
 0.0000000000e+00  0.0000000000e+00 -1.4614474780e+01  0.0000000000e+00  0.0000000000e+00  0.0000000000e+00  0.0000000000e+00  0.0000000000e+00  0.0000000000e+00  0.0000000000e+00  0.0000000000e+00  0.0000000000e+00  0.0000000000e+00  0.0000000000e+00  0.0000000000e+00  0.0000000000e+00  0.0000000000e+00  0.0000000000e+00  0.0000000000e+00  0.0000000000e+00
 0.0000000000e+00  0.0000000000e+00  0.0000000000e+00 -1.4588452680e+01  0.0000000000e+00  0.0000000000e+00  0.0000000000e+00  0.0000000000e+00  0.0000000000e+00  0.0000000000e+00  0.0000000000e+00  0.0000000000e+00  0.0000000000e+00  0.0000000000e+00  0.0000000000e+00  0.0000000000e+00  0.0000000000e+00  0.0000000000e+00  0.0000000000e+00  0.0000000000e+00
 0.0000000000e+00  0.0000000000e+00  0.0000000000e+00  0.0000000000e+00 -1.4588452640e+01  0.0000000000e+00  0.0000000000e+00  0.0000000000e+00  0.0000000000e+00  0.0000000000e+00  0.0000000000e+00  0.0000000000e+00  0.0000000000e+00  0.0000000000e+00  0.0000000000e+00  0.0000000000e+00  0.0000000000e+00  0.0000000000e+00  0.0000000000e+00  0.0000000000e+00
 0.0000000000e+00  0.0000000000e+00  0.0000000000e+00  0.0000000000e+00  0.0000000000e+00 -1.4584355580e+01  0.0000000000e+00  0.0000000000e+00  0.0000000000e+00  0.0000000000e+00  0.0000000000e+00  0.0000000000e+00  0.0000000000e+00  0.0000000000e+00  0.0000000000e+00  0.0000000000e+00  0.0000000000e+00  0.0000000000e+00  0.0000000000e+00  0.0000000000e+00
 0.0000000000e+00  0.0000000000e+00  0.0000000000e+00  0.0000000000e+00  0.0000000000e+00  0.0000000000e+00 -1.4550932730e+01  0.0000000000e+00  0.0000000000e+00  0.0000000000e+00  0.0000000000e+00  0.0000000000e+00  0.0000000000e+00  0.0000000000e+00  0.0000000000e+00  0.0000000000e+00  0.0000000000e+00  0.0000000000e+00  0.0000000000e+00  0.0000000000e+00
 0.0000000000e+00  0.0000000000e+00  0.0000000000e+00  0.0000000000e+00  0.0000000000e+00  0.0000000000e+00  0.0000000000e+00 -1.4550932730e+01  0.0000000000e+00  0.0000000000e+00  0.0000000000e+00  0.0000000000e+00  0.0000000000e+00  0.0000000000e+00  0.0000000000e+00  0.0000000000e+00  0.0000000000e+00  0.0000000000e+00  0.0000000000e+00  0.0000000000e+00
 0.0000000000e+00  0.0000000000e+00  0.0000000000e+00  0.0000000000e+00  0.0000000000e+00  0.0000000000e+00  0.0000000000e+00  0.0000000000e+00 -1.4523104000e+01  0.0000000000e+00  0.0000000000e+00  0.0000000000e+00  0.0000000000e+00  0.0000000000e+00  0.0000000000e+00  0.0000000000e+00  0.0000000000e+00  0.0000000000e+00  0.0000000000e+00  0.0000000000e+00
 0.0000000000e+00  0.0000000000e+00  0.0000000000e+00  0.0000000000e+00  0.0000000000e+00  0.0000000000e+00  0.0000000000e+00  0.0000000000e+00  0.0000000000e+00 -1.4500266180e+01  0.0000000000e+00  0.0000000000e+00  0.0000000000e+00  0.0000000000e+00  0.0000000000e+00  0.0000000000e+00  0.0000000000e+00  0.0000000000e+00  0.0000000000e+00  0.0000000000e+00
 0.0000000000e+00  0.0000000000e+00  0.0000000000e+00  0.0000000000e+00  0.0000000000e+00  0.0000000000e+00  0.0000000000e+00  0.0000000000e+00  0.0000000000e+00  0.0000000000e+00 -1.4494494840e+01  0.0000000000e+00  0.0000000000e+00  0.0000000000e+00  0.0000000000e+00  0.0000000000e+00  0.0000000000e+00  0.0000000000e+00  0.0000000000e+00  0.0000000000e+00
 0.0000000000e+00  0.0000000000e+00  0.0000000000e+00  0.0000000000e+00  0.0000000000e+00  0.0000000000e+00  0.0000000000e+00  0.0000000000e+00  0.0000000000e+00  0.0000000000e+00  0.0000000000e+00 -1.4494494840e+01  0.0000000000e+00  0.0000000000e+00  0.0000000000e+00  0.0000000000e+00  0.0000000000e+00  0.0000000000e+00  0.0000000000e+00  0.0000000000e+00
 0.0000000000e+00  0.0000000000e+00  0.0000000000e+00  0.0000000000e+00  0.0000000000e+00  0.0000000000e+00  0.0000000000e+00  0.0000000000e+00  0.0000000000e+00  0.0000000000e+00  0.0000000000e+00  0.0000000000e+00 -1.4485783930e+01  0.0000000000e+00  0.0000000000e+00  0.0000000000e+00  0.0000000000e+00  0.0000000000e+00  0.0000000000e+00  0.0000000000e+00
 0.0000000000e+00  0.0000000000e+00  0.0000000000e+00  0.0000000000e+00  0.0000000000e+00  0.0000000000e+00  0.0000000000e+00  0.0000000000e+00  0.0000000000e+00  0.0000000000e+00  0.0000000000e+00  0.0000000000e+00  0.0000000000e+00 -1.4475770960e+01  0.0000000000e+00  0.0000000000e+00  0.0000000000e+00  0.0000000000e+00  0.0000000000e+00  0.0000000000e+00
 0.0000000000e+00  0.0000000000e+00  0.0000000000e+00  0.0000000000e+00  0.0000000000e+00  0.0000000000e+00  0.0000000000e+00  0.0000000000e+00  0.0000000000e+00  0.0000000000e+00  0.0000000000e+00  0.0000000000e+00  0.0000000000e+00  0.0000000000e+00 -1.4471154180e+01  0.0000000000e+00  0.0000000000e+00  0.0000000000e+00  0.0000000000e+00  0.0000000000e+00
 0.0000000000e+00  0.0000000000e+00  0.0000000000e+00  0.0000000000e+00  0.0000000000e+00  0.0000000000e+00  0.0000000000e+00  0.0000000000e+00  0.0000000000e+00  0.0000000000e+00  0.0000000000e+00  0.0000000000e+00  0.0000000000e+00  0.0000000000e+00  0.0000000000e+00 -1.4471154180e+01  0.0000000000e+00  0.0000000000e+00  0.0000000000e+00  0.0000000000e+00
 0.0000000000e+00  0.0000000000e+00  0.0000000000e+00  0.0000000000e+00  0.0000000000e+00  0.0000000000e+00  0.0000000000e+00  0.0000000000e+00  0.0000000000e+00  0.0000000000e+00  0.0000000000e+00  0.0000000000e+00  0.0000000000e+00  0.0000000000e+00  0.0000000000e+00  0.0000000000e+00 -1.4466201910e+01  0.0000000000e+00  0.0000000000e+00  0.0000000000e+00
 0.0000000000e+00  0.0000000000e+00  0.0000000000e+00  0.0000000000e+00  0.0000000000e+00  0.0000000000e+00  0.0000000000e+00  0.0000000000e+00  0.0000000000e+00  0.0000000000e+00  0.0000000000e+00  0.0000000000e+00  0.0000000000e+00  0.0000000000e+00  0.0000000000e+00  0.0000000000e+00  0.0000000000e+00 -1.4444277790e+01  0.0000000000e+00  0.0000000000e+00
 0.0000000000e+00  0.0000000000e+00  0.0000000000e+00  0.0000000000e+00  0.0000000000e+00  0.0000000000e+00  0.0000000000e+00  0.0000000000e+00  0.0000000000e+00  0.0000000000e+00  0.0000000000e+00  0.0000000000e+00  0.0000000000e+00  0.0000000000e+00  0.0000000000e+00  0.0000000000e+00  0.0000000000e+00  0.0000000000e+00 -1.4444277760e+01  0.0000000000e+00
 0.0000000000e+00  0.0000000000e+00  0.0000000000e+00  0.0000000000e+00  0.0000000000e+00  0.0000000000e+00  0.0000000000e+00  0.0000000000e+00  0.0000000000e+00  0.0000000000e+00  0.0000000000e+00  0.0000000000e+00  0.0000000000e+00  0.0000000000e+00  0.0000000000e+00  0.0000000000e+00  0.0000000000e+00  0.0000000000e+00  0.0000000000e+00 -1.4442359130e+01
CAP matrix
-7.83395957e+00  1.55961269e-07  3.48087001e-10 -1.16712732e+01 -1.20561773e-01 -1.71959273e-04 -4.35794947e-12 -6.49155051e-13 -3.64146408e-10 -3.95181189e-07  1.91547327e-12  5.41874619e-13  7.52932663e-11 -1.14860479e-05 -9.74141133e-14  5.24363191e-12  1.42860126e-12 -5.40835331e+00 -5.94610096e-02 -9.74696948e-05
 1.55961269e-07 -7.83394663e+00 -5.55591049e-11 -1.20587607e-01 -1.16712639e+01  1.57093083e-03  4.98881951e-13 -3.96733196e-12  1.10211589e-11 -3.60977235e-06 -6.70960301e-13  1.86676357e-12  6.40016353e-13 -1.04926840e-04  5.92691834e-12  1.13688516e-12 -3.03164601e-11  5.94686604e-02 -5.40834938e+00 -8.90423441e-04
 3.48087001e-10 -5.55591049e-11 -1.74532559e+01  8.00899983e-10 -4.14619378e-11 -2.50794649e-11  5.77872943e-06  2.17770157e-05  9.64896118e-02  4.75787309e-11  7.49647269e-05  2.00768274e-04 -1.25175873e+00  1.15679455e-10 -2.77946804e-03 -1.99673218e-04 -1.09843542e+01 -3.92880217e-10 -7.47284044e-11 -6.62923931e-12
-1.16712732e+01 -1.20587607e-01  8.00899983e-10 -2.06668310e+01  9.52055887e-09  4.07674028e-07 -2.04502633e-12 -3.39675041e-13  8.87440506e-11  3.40947730e-05 -2.09692195e-13  1.47752609e-13 -3.95330363e-11  5.70804786e-06  7.17374206e-13  2.01009497e-11  1.15650524e-09  1.17588531e+01  7.80484294e-03  4.89020855e-05
-1.20561773e-01 -1.16712639e+01 -4.14619378e-11  9.52055887e-09 -2.06668373e+01 -4.11610179e-06 -2.56410740e-13 -1.75219881e-12 -3.57912590e-12 -3.44317454e-04  7.27137198e-13 -1.12479252e-12  2.07703865e-12 -5.76310491e-05 -2.18760262e-11 -3.55408610e-13  4.50172311e-11  7.81995113e-03 -1.17588588e+01 -4.93839447e-04
-1.71959273e-04  1.57093083e-03 -2.50794649e-11  4.07674028e-07 -4.11610179e-06 -2.12686545e+01 -3.30724748e-10 -3.72690805e-11  3.45449075e-12 -1.83757287e+00 -2.43718853e-11 -3.00180714e-10 -3.50596986e-11 -2.50289194e+00 -3.10104489e-10  3.93430962e-10  6.98283519e-13 -2.56091645e-05 -2.60388968e-04 -1.11411092e+01
-4.35794947e-12  4.98881951e-13  5.77872943e-06 -2.04502633e-12 -2.56410740e-13 -3.30724748e-10 -8.56934068e+00 -1.94684372e-10  3.61469691e-06 -2.16081147e-10 -2.75239168e+00 -2.73926889e-01 -3.35784295e-05 -4.82681084e-10  7.62418146e-01  4.02151918e+00 -2.50905131e-04 -2.39429153e-13 -1.49484747e-12  2.68018336e-10
-6.49155051e-13 -3.96733196e-12  2.17770157e-05 -3.39675041e-13 -1.75219881e-12 -3.72690805e-11 -1.94684372e-10 -8.56934065e+00 -1.36479408e-05 -5.46008216e-11 -2.77134277e-01  2.75207015e+00  1.26775140e-04 -2.21079518e-11 -4.02212009e+00 -7.59242414e-01  9.47283644e-04  5.45919198e-15 -2.55958940e-12  3.26472713e-11
-3.64146408e-10  1.10211589e-11  9.64896118e-02  8.87440506e-11 -3.57912590e-12  3.45449075e-12  3.61469691e-06 -1.36479408e-05 -1.43683504e+01  5.99353354e-10  1.01519334e-05  2.71498513e-05 -4.89234750e+00  8.58894303e-11 -2.46434020e-04 -1.77078708e-05 -2.44062060e-01  1.81868456e-09  5.02218904e-11  1.09552969e-09
-3.95181189e-07 -3.60977235e-06  4.75787309e-11  3.40947730e-05 -3.44317454e-04 -1.83757287e+00 -2.16081147e-10 -5.46008216e-11  5.99353354e-10 -2.27116616e+01 -9.01448436e-10  1.26788735e-09 -6.98701537e-10  1.30734994e+00 -1.50593622e-09 -3.84025882e-10 -1.76801885e-10  6.06434400e-05  6.16653596e-04 -2.91845526e+00
 1.91547327e-12 -6.70960301e-13  7.49647269e-05 -2.09692195e-13  7.27137198e-13 -2.43718853e-11 -2.75239168e+00 -2.77134277e-01  1.01519334e-05 -9.01448436e-10 -2.52844904e+01  1.36401371e-08  7.07556643e-06 -1.05131902e-09 -1.18610194e+00 -3.99823217e+00  3.52045141e-04 -4.82704162e-11 -6.52560080e-12  8.89107094e-10
 5.41874619e-13  1.86676357e-12  2.00768274e-04  1.47752609e-13 -1.12479252e-12 -3.00180714e-10 -2.73926889e-01  2.75207015e+00  2.71498513e-05  1.26788735e-09  1.36401371e-08 -2.52844904e+01 -1.87969141e-05  2.68121823e-10  3.99737733e+00 -1.18897619e+00 -9.35401770e-04  8.24575791e-12 -5.07063005e-11 -1.05218547e-10
 7.52932663e-11  6.40016353e-13 -1.25175873e+00 -3.95330363e-11  2.07703865e-12 -3.50596986e-11 -3.35784295e-05  1.26775140e-04 -4.89234750e+00 -6.98701537e-10  7.07556643e-06 -1.87969141e-05 -2.91652201e+01  4.72187764e-10 -6.08309712e-04  4.35894483e-05  2.82091850e+00  1.79302779e-10 -1.06706313e-11  3.63159043e-10
-1.14860479e-05 -1.04926840e-04  1.15679455e-10  5.70804786e-06 -5.76310491e-05 -2.50289194e+00 -4.82681084e-10 -2.21079518e-11  8.58894303e-11  1.30734994e+00 -1.05131902e-09  2.68121823e-10  4.72187764e-10 -2.48901369e+01 -1.10886870e-10 -1.41500911e-09 -2.18107867e-10 -1.02350491e-05 -1.04067514e-04  2.71443960e+00
-9.74141133e-14  5.92691834e-12 -2.77946804e-03  7.17374206e-13 -2.18760262e-11 -3.10104489e-10  7.62418146e-01 -4.02212009e+00 -2.46434020e-04 -1.50593622e-09 -1.18610194e+00  3.99737733e+00 -6.08309712e-04 -1.10886870e-10 -2.83966249e+01 -1.25713630e-07  4.05171053e-03 -3.74424765e-13  3.14939693e-12 -8.91783549e-10
 5.24363191e-12  1.13688516e-12 -1.99673218e-04  2.01009497e-11 -3.55408610e-13  3.93430962e-10  4.02151918e+00 -7.59242414e-01 -1.77078708e-05 -3.84025882e-10 -3.99823217e+00 -1.18897619e+00  4.35894483e-05 -1.41500911e-09 -1.25713630e-07 -2.83966242e+01  2.90054008e-04  9.15238145e-13  2.13255713e-14  1.44064960e-09
 1.42860126e-12 -3.03164601e-11 -1.09843542e+01  1.15650524e-09  4.50172311e-11  6.98283519e-13 -2.50905131e-04  9.47283644e-04 -2.44062060e-01 -1.76801885e-10  3.52045141e-04 -9.35401770e-04  2.82091850e+00 -2.18107867e-10  4.05171053e-03  2.90054008e-04 -1.05262119e+01 -8.61681016e-11  4.16553052e-12 -2.58945971e-11
-5.40835331e+00  5.94686604e-02 -3.92880217e-10  1.17588531e+01  7.81995113e-03 -2.56091645e-05 -2.39429153e-13  5.45919198e-15  1.81868456e-09  6.06434400e-05 -4.82704162e-11  8.24575791e-12  1.79302779e-10 -1.02350491e-05 -3.74424765e-13  9.15238145e-13 -8.61681016e-11 -9.98238801e+00 -5.04779061e-09  5.20091541e-06
-5.94610096e-02 -5.40834938e+00 -7.47284044e-11  7.80484294e-03 -1.17588588e+01 -2.60388968e-04 -1.49484747e-12 -2.55958940e-12  5.02218904e-11  6.16653596e-04 -6.52560080e-12 -5.07063005e-11 -1.06706313e-11 -1.04067514e-04  3.14939693e-12  2.13255713e-14  4.16553052e-12 -5.04779061e-09 -9.98239365e+00 -5.28853767e-05
-9.74696948e-05 -8.90423441e-04 -6.62923931e-12  4.89020855e-05 -4.93839447e-04 -1.11411092e+01  2.68018336e-10  3.26472713e-11  1.09552969e-09 -2.91845526e+00  8.89107094e-10 -1.05218547e-10  3.63159043e-10  2.71443960e+00 -8.91783549e-10  1.44064960e-09 -2.58945971e-11  5.20091541e-06 -5.28853767e-05 -1.10255110e+01
Wall time:0.27405400
Job finished: 2021-02-26 18:47:00
Thank you for using OpenCAP!
