Full
-109.3052078300 0.0000000000 0.0000336300 0.0020966800 -0.0035375700 -0.0000632600 -0.0000903300 -0.0020795800 0.0000000000 0.0000000000
0.0000000000 -109.3052078300 -0.0020966800 0.0000336300 -0.0000632600 0.0035375700 -0.0020795800 0.0000903300 0.0000000000 0.0000000000
0.0000336300 -0.0020966800 -109.2407162900 0.0000000000 -0.0000498200 0.0270584400 -0.0195960500 0.0011663000 0.0000000000 0.0000000000
0.0020966800 0.0000336300 0.0000000000 -109.2407162700 0.0270584200 0.0000498200 0.0011663000 0.0195960500 0.0000000000 0.0000000000
-0.0035375700 -0.0000632600 -0.0000498200 0.0270584200 -109.2178089800 0.0000000000 -0.0029541700 -0.0481405900 0.0000000000 0.0000000000
-0.0000632600 0.0035375700 0.0270584400 0.0000498200 0.0000000000 -109.2178090100 0.0481405400 -0.0029541700 0.0000000000 0.0000000000
-0.0000903300 -0.0020795800 -0.0195960500 0.0011663000 -0.0029541700 0.0481405400 -109.0721415500 0.0000000000 0.0000000000 0.0000000000
-0.0020795800 0.0000903300 0.0011663000 0.0195960500 -0.0481405900 -0.0029541700 0.0000000000 -109.0721416500 0.0000000000 0.0000000000
0.0000000000 0.0000000000 0.0000000000 0.0000000000 0.0000000000 0.0000000000 0.0000000000 0.0000000000 -109.0298911000 0.0000000000
0.0000000000 0.0000000000 0.0000000000 0.0000000000 0.0000000000 0.0000000000 0.0000000000 0.0000000000 0.0000000000 -109.0298915300