Number of basis functions:119
All basis functions are spherical harmonic.
Successfully read in zeroth order Hamiltonian from file:anion_ms.out
Successfully read in densities from file:anion_ms.rassi.h5
Calculating CAP matrix in AO basis...
Integration time:2.058278
-4.505756e+01  1.155542e-11  2.223510e+01  7.214342e-05 -9.205060e+00  2.897875e-02 -1.040170e-12  2.547522e-11 -4.695117e+00  8.260347e-02
 1.155542e-11 -4.505756e+01 -7.214346e-05  2.223510e+01  2.897875e-02  9.205060e+00 -3.263900e-12 -1.215693e-11  8.260347e-02  4.695117e+00
 2.223510e+01 -7.214346e-05 -2.406807e+01  2.848449e-11  1.524828e+01 -4.795414e-02 -4.488465e-13 -5.931391e-11  1.044120e+01 -1.836631e-01
 7.214342e-05  2.223510e+01  2.848449e-11 -2.406807e+01 -4.795414e-02 -1.524828e+01  5.720769e-12  4.451251e-12 -1.836631e-01 -1.044120e+01
-9.205060e+00  2.897875e-02  1.524828e+01 -4.795414e-02 -1.301273e+01 -5.611622e-13  5.363503e-12  6.838642e-11 -1.117773e+01  1.614573e-01
 2.897875e-02  9.205060e+00 -4.795414e-02 -1.524828e+01 -5.611622e-13 -1.301273e+01  1.878273e-12  2.693354e-11 -1.614573e-01 -1.117773e+01
-1.040170e-12 -3.263900e-12 -4.488465e-13  5.720769e-12  5.363503e-12  1.878273e-12 -4.503258e+01  3.953810e-12 -7.284795e-11 -2.876358e-10
 2.547522e-11 -1.215693e-11 -5.931391e-11  4.451251e-12  6.838642e-11  2.693354e-11  3.953810e-12 -4.503258e+01 -4.307461e-10  3.517684e-12
-4.695117e+00  8.260347e-02  1.044120e+01 -1.836631e-01 -1.117773e+01 -1.614573e-01 -7.284795e-11 -4.307461e-10 -1.116409e+01 -2.833764e-11
 8.260347e-02  4.695117e+00 -1.836631e-01 -1.044120e+01  1.614573e-01 -1.117773e+01 -2.876358e-10  3.517684e-12 -2.833764e-11 -1.116409e+01
Calculating CAP matrix in AO basis...
Integration time:2.043672
-4.505756e+01  1.155520e-11  2.223510e+01  7.214342e-05 -9.205060e+00  2.897875e-02 -1.040159e-12  2.547522e-11 -4.695117e+00  8.260347e-02
 1.155520e-11 -4.505756e+01 -7.214346e-05  2.223510e+01  2.897875e-02  9.205060e+00 -3.263901e-12 -1.215695e-11  8.260347e-02  4.695117e+00
 2.223510e+01 -7.214346e-05 -2.406807e+01  2.848455e-11  1.524828e+01 -4.795414e-02 -4.488839e-13 -5.931391e-11  1.044120e+01 -1.836631e-01
 7.214342e-05  2.223510e+01  2.848455e-11 -2.406807e+01 -4.795414e-02 -1.524828e+01  5.720769e-12  4.451205e-12 -1.836631e-01 -1.044120e+01
-9.205060e+00  2.897875e-02  1.524828e+01 -4.795414e-02 -1.301273e+01 -5.625500e-13  5.363500e-12  6.838642e-11 -1.117773e+01  1.614573e-01
 2.897875e-02  9.205060e+00 -4.795414e-02 -1.524828e+01 -5.625500e-13 -1.301273e+01  1.878275e-12  2.693328e-11 -1.614573e-01 -1.117773e+01
-1.040159e-12 -3.263901e-12 -4.488839e-13  5.720769e-12  5.363500e-12  1.878275e-12 -4.503258e+01  3.954004e-12 -7.284785e-11 -2.876358e-10
 2.547522e-11 -1.215695e-11 -5.931391e-11  4.451205e-12  6.838642e-11  2.693328e-11  3.954004e-12 -4.503258e+01 -4.307461e-10  3.517636e-12
-4.695117e+00  8.260347e-02  1.044120e+01 -1.836631e-01 -1.117773e+01 -1.614573e-01 -7.284785e-11 -4.307461e-10 -1.116409e+01 -2.832851e-11
 8.260347e-02  4.695117e+00 -1.836631e-01 -1.044120e+01  1.614573e-01 -1.117773e+01 -2.876358e-10  3.517636e-12 -2.832851e-11 -1.116409e+01
Calculating CAP matrix in AO basis...
Integration time:2.147825
-4.505756e+01  1.155520e-11  2.223510e+01  7.214342e-05 -9.205060e+00  2.897875e-02 -1.040159e-12  2.547522e-11 -4.695117e+00  8.260347e-02
 1.155520e-11 -4.505756e+01 -7.214346e-05  2.223510e+01  2.897875e-02  9.205060e+00 -3.263901e-12 -1.215695e-11  8.260347e-02  4.695117e+00
 2.223510e+01 -7.214346e-05 -2.406807e+01  2.848455e-11  1.524828e+01 -4.795414e-02 -4.488839e-13 -5.931391e-11  1.044120e+01 -1.836631e-01
 7.214342e-05  2.223510e+01  2.848455e-11 -2.406807e+01 -4.795414e-02 -1.524828e+01  5.720769e-12  4.451205e-12 -1.836631e-01 -1.044120e+01
-9.205060e+00  2.897875e-02  1.524828e+01 -4.795414e-02 -1.301273e+01 -5.625500e-13  5.363500e-12  6.838642e-11 -1.117773e+01  1.614573e-01
 2.897875e-02  9.205060e+00 -4.795414e-02 -1.524828e+01 -5.625500e-13 -1.301273e+01  1.878275e-12  2.693328e-11 -1.614573e-01 -1.117773e+01
-1.040159e-12 -3.263901e-12 -4.488839e-13  5.720769e-12  5.363500e-12  1.878275e-12 -4.503258e+01  3.954004e-12 -7.284785e-11 -2.876358e-10
 2.547522e-11 -1.215695e-11 -5.931391e-11  4.451205e-12  6.838642e-11  2.693328e-11  3.954004e-12 -4.503258e+01 -4.307461e-10  3.517636e-12
-4.695117e+00  8.260347e-02  1.044120e+01 -1.836631e-01 -1.117773e+01 -1.614573e-01 -7.284785e-11 -4.307461e-10 -1.116409e+01 -2.832851e-11
 8.260347e-02  4.695117e+00 -1.836631e-01 -1.044120e+01  1.614573e-01 -1.117773e+01 -2.876358e-10  3.517636e-12 -2.832851e-11 -1.116409e+01
Uncorrected:
[(2.458005922164748-0.5861206284636035j), (2.4599789739343985-0.589105054025798j), (2.4560193554224314-0.5831451334670948j), (2.461939168510661-0.5920984045704493j), (2.4540185954927702-0.5801785639779576j)]
[35.77681925016699, 35.77856690856062, 35.77949983602348, 35.784472826015836, 35.786893085925605]
[0.0106, 0.010700000000000001, 0.0105, 0.0108, 0.010400000000000001]
Corrected together:
[(2.268022180822114-0.23455265296493144j), (2.268240273510849-0.23537994650128097j), (2.2677706604511925-0.23373488189441932j), (2.2113424962940122-0.20598844819158102j), (2.2674861026253703-0.23292677379376547j)]
[8.553908443730526, 8.559578629823308, 8.559881588338715, 8.572010315552914, 8.577162210639214]
[0.014400000000000001, 0.014300000000000002, 0.0145, 0.02, 0.014600000000000002]
Real part:
[2.2688235942195427, 2.268814886352015, 2.050947794381037, 2.2687958271349706, 2.268770175496561]
[0.0952960852207416, 0.2670936149096185, 0.34333810156716976, 0.4624568155731118, 0.6248423486532355]
[0.0137, 0.013800000000000002, 0.0036000000000000003, 0.013600000000000001, 0.013900000000000001]
Imaginary part:
[-0.28721289236528347, -0.28721159308137356, 0.0, -0.20598844819158102, -0.28713974693790556]
[0.3589107274032379, 0.36572713688953823, 0.6095147790831368, 0.9192797291102173, 1.0526333018301388]
[0.0078000000000000005, 0.0079, 0.0, 0.02, 0.008]
