Number of basis functions:119
Verified overlap matrix.
Successfully read in zeroth order Hamiltonian from file:anion_xms.out
Successfully read in densities from file:anion_xms.rassi.h5
Calculating CAP matrix in AO basis...
Integration time:2.036812
Calculating CAP matrix in AO basis...
Integration time:2.051445
Calculating CAP matrix in AO basis...
Integration time:2.040180
-4.480783e+01 -3.469891e-11  2.186905e+01 -4.873519e-01  1.010883e+01 -2.714593e-01 -4.930050e+00 -1.461458e-01  1.032958e-11 -1.376734e-10
-3.469891e-11 -4.480783e+01  4.873519e-01  2.186905e+01  2.714593e-01  1.010883e+01 -1.461458e-01  4.930050e+00 -1.380058e-10 -4.613435e-12
 2.186905e+01  4.873519e-01 -2.246990e+01 -2.436007e-11 -1.552243e+01  7.087433e-02  1.021635e+01  7.513105e-02 -9.370275e-12  2.566847e-10
-4.873519e-01  2.186905e+01 -2.436007e-11 -2.246990e+01 -7.087433e-02 -1.552243e+01  7.513105e-02 -1.021635e+01  2.709492e-10  9.091058e-12
 1.010883e+01  2.714593e-01 -1.552243e+01 -7.087433e-02 -1.407955e+01  1.398603e-11  1.167796e+01  3.255806e-02 -3.315113e-11  4.079145e-10
-2.714593e-01  1.010883e+01  7.087433e-02 -1.552243e+01  1.398603e-11 -1.407955e+01  3.255806e-02 -1.167796e+01  4.013496e-10 -3.742562e-12
-4.930050e+00 -1.461458e-01  1.021635e+01  7.513105e-02  1.167796e+01  3.255806e-02 -1.154511e+01  2.363980e-12 -1.006232e-10  1.021489e-09
-1.461458e-01  4.930050e+00  7.513105e-02 -1.021635e+01  3.255806e-02 -1.167796e+01  2.363980e-12 -1.154511e+01 -1.037135e-09 -9.293803e-12
 1.032958e-11 -1.380058e-10 -9.370275e-12  2.709492e-10 -3.315113e-11  4.013496e-10 -1.006232e-10 -1.037135e-09 -4.486275e+01 -1.009648e-11
-1.376734e-10 -4.613435e-12  2.566847e-10  9.091058e-12  4.079145e-10 -3.742562e-12  1.021489e-09 -9.293803e-12 -1.009648e-11 -4.486275e+01
Uncorrected:
[(2.1252324178468474-0.18532098906147668j), (2.12572748374019-0.18633177584147753j), (2.1255090298639234-0.1842959584716864j), (2.2157330621189093-0.21883093859331132j), (2.2146184697791833-0.21782526637083965j)]
[10.237522233430333, 12.870971788631945, 12.966475795748451, 15.01314735564015, 15.016162877739232]
[0.0016, 0.0017000000000000001, 0.0015, 0.006300000000000001, 0.006200000000000001]
Corrected together:
[(2.1563678015611134-0.1112700038496734j), (2.155952676884133-0.1109539020183789j), (2.1567690948585647-0.11160376774356823j), (2.1555240362845702-0.11065534577548741j), (2.157156232250735-0.11195531349494739j)]
[5.217431767046165, 5.219541143774063, 5.223198881535627, 5.229199005065748, 5.237137376269445]
[0.011500000000000002, 0.011600000000000001, 0.0114, 0.0117, 0.011300000000000001]
Real part:
[2.161314505934887, 2.161305647437434, 2.1612990258384093, 2.161271736168677, 2.161259891921078]
[0.033107995123238455, 0.21384883104991148, 0.2730700690434233, 0.4680804735990295, 0.5063176219555197]
[0.009300000000000001, 0.009200000000000002, 0.0094, 0.0091, 0.009500000000000001]
Imaginary part:
[-0.18314556460908274, -0.10816623551035756, -0.10816703781101347, -0.10818139572456187, -0.1081837414839458]
[0.00039222084483037084, 0.07178956774198089, 0.08752986794119376, 0.2317348072923567, 0.2462485727508527]
[0.0036000000000000003, 0.0134, 0.013500000000000002, 0.013300000000000001, 0.013600000000000001]
