converged SCF energy = -1.13347576118567
Number of basis functions:124
Verified overlap matrix.
Number of basis functions:124
Verified overlap matrix.
Ground state energy:-1.1738730219803575
Calculating CAP matrix in AO basis...
Integration time:2.685592
Printing out matrices required for Projected CAP calculation.
Number of states: 10
Zeroth order Hamiltonian
-0.691837  0.000000  0.00000  0.000000  0.000000  0.000000  0.000000  0.000000  0.000000  0.000000
 0.000000 -0.626352  0.00000  0.000000  0.000000  0.000000  0.000000  0.000000  0.000000  0.000000
 0.000000  0.000000 -0.62428  0.000000  0.000000  0.000000  0.000000  0.000000  0.000000  0.000000
 0.000000  0.000000  0.00000 -0.600612  0.000000  0.000000  0.000000  0.000000  0.000000  0.000000
 0.000000  0.000000  0.00000  0.000000 -0.600539  0.000000  0.000000  0.000000  0.000000  0.000000
 0.000000  0.000000  0.00000  0.000000  0.000000 -0.588962  0.000000  0.000000  0.000000  0.000000
 0.000000  0.000000  0.00000  0.000000  0.000000  0.000000 -0.572309  0.000000  0.000000  0.000000
 0.000000  0.000000  0.00000  0.000000  0.000000  0.000000  0.000000 -0.562194  0.000000  0.000000
 0.000000  0.000000  0.00000  0.000000  0.000000  0.000000  0.000000  0.000000 -0.499538  0.000000
 0.000000  0.000000  0.00000  0.000000  0.000000  0.000000  0.000000  0.000000  0.000000 -0.423829
CAP matrix
-1.411784   0.419729  -5.036851   -0.102612   -0.067191   -1.077574    1.249742   -2.161338   0.156059   0.133469
 0.419729 -20.818500   1.571065    9.604516  -36.106945   -2.316715    4.447682    0.110443  -1.560677   0.002436
-5.036851   1.571065 -52.863404   58.331624   18.590392   15.013558    0.050812    1.061462  -0.037396  -1.514628
-0.102612   9.604516  58.331624 -303.406999  -41.885810  234.938928  -12.246543  -12.289850  -6.240968  -2.691388
-0.067191 -36.106945  18.590392  -41.885810 -157.261382   36.336386   94.497317   12.051451  26.735320   5.875836
-1.077574  -2.316715  15.013558  234.938928   36.336386 -640.261217   95.880334 -222.832307  19.530765 -55.313099
 1.249742   4.447682   0.050812  -12.246543   94.497317   95.880334 -148.996193   54.355162 -63.338250  14.255921
-2.161338   0.110443   1.061462  -12.289850   12.051451 -222.832307   54.355162 -185.744238   3.149903 -62.081154
 0.156059  -1.560677  -0.037396   -6.240968   26.735320   19.530765  -63.338250    3.149903 -42.169496  -4.034461
 0.133469   0.002436  -1.514628   -2.691388    5.875836  -55.313099   14.255921  -62.081154  -4.034461 -27.334089
