converged SCF energy = -1.13347576118567
Calculating CAP matrix in AO basis using 16 threads.
Radial precision: 1.00e-14 Angular points: 110
Grid for atom 1 has: 96 radial points, 110 angular points, 10560 total points.
Grid for atom 2 has: 96 radial points, 110 angular points, 10560 total points.
Grid for atom 3 has: 128 radial points, 110 angular points, 14080 total points.
Grid for atom 4 has: 128 radial points, 110 angular points, 14080 total points.
Verified overlap matrix.
Verified overlap matrix.
Ground state energy:-1.1738730215041036
Integration time:0.423891
Printing out matrices required for Perturbative CAP calculation.
Number of states: 10
Zeroth order Hamiltonian
-0.691837  0.000000  0.00000  0.000000  0.000000  0.000000  0.000000  0.000000  0.000000  0.000000
 0.000000 -0.626352  0.00000  0.000000  0.000000  0.000000  0.000000  0.000000  0.000000  0.000000
 0.000000  0.000000 -0.62428  0.000000  0.000000  0.000000  0.000000  0.000000  0.000000  0.000000
 0.000000  0.000000  0.00000 -0.600612  0.000000  0.000000  0.000000  0.000000  0.000000  0.000000
 0.000000  0.000000  0.00000  0.000000 -0.600539  0.000000  0.000000  0.000000  0.000000  0.000000
 0.000000  0.000000  0.00000  0.000000  0.000000 -0.588962  0.000000  0.000000  0.000000  0.000000
 0.000000  0.000000  0.00000  0.000000  0.000000  0.000000 -0.572309  0.000000  0.000000  0.000000
 0.000000  0.000000  0.00000  0.000000  0.000000  0.000000  0.000000 -0.562194  0.000000  0.000000
 0.000000  0.000000  0.00000  0.000000  0.000000  0.000000  0.000000  0.000000 -0.499538  0.000000
 0.000000  0.000000  0.00000  0.000000  0.000000  0.000000  0.000000  0.000000  0.000000 -0.423829
CAP matrix
-1.411784  -0.419729  -5.036851   -0.102612   -0.067191    1.077575    1.249742    2.161339   0.156059   0.133469
-0.419729 -20.818500  -1.571065   -9.604501   36.106950   -2.316717   -4.447684    0.110440   1.560676  -0.002435
-5.036851  -1.571065 -52.863402   58.331631   18.590366  -15.013554    0.050815   -1.061462  -0.037396  -1.514627
-0.102612  -9.604501  58.331631 -303.407032  -41.885746 -234.938952  -12.246511   12.289833  -6.240961  -2.691383
-0.067191  36.106950  18.590366  -41.885746 -157.261350  -36.336285   94.497323  -12.051433  26.735323   5.875833
 1.077575  -2.316717 -15.013554 -234.938952  -36.336285 -640.261221  -95.880286 -222.832347 -19.530772  55.313103
 1.249742  -4.447684   0.050815  -12.246511   94.497323  -95.880286 -148.996162  -54.355161 -63.338249  14.255914
 2.161339   0.110440  -1.061462   12.289833  -12.051433 -222.832347  -54.355161 -185.744277  -3.149922  62.081161
 0.156059   1.560676  -0.037396   -6.240961   26.735323  -19.530772  -63.338249   -3.149922 -42.169496  -4.034457
 0.133469  -0.002435  -1.514627   -2.691383    5.875833   55.313103   14.255914   62.081161  -4.034457 -27.334090
