Welcome to OpenCAP: An open-source program for studying resonances in molecules.
Version 1.0.3
Developed by James Gayvert and Ksenia Bravaya. Distributed under the MIT license.
For questions and support, please visit: https://github.com/gayverjr/opencap

Starting perturbative CAP calculation.
Number of basis functions:119
Reading in Hamiltonian from:heff.in
Successfully read in zeroth order Hamiltonian from file:heff.in
Reading densities from file:nosymm.rassi.h5
Done.
Verified overlap matrix.
Calculating CAP matrix in AO basis using 4 threads.
Radial precision: 1.00e-14 Angular points: 110
Grid for atom 1 has: 148 radial points, 110 angular points, 16280 total points.
Grid for atom 2 has: 148 radial points, 110 angular points, 16280 total points.
Grid for atom 3 has: 98 radial points, 110 angular points, 10780 total points.
Integration time:0.560667
Printing out matrices required for Perturbative CAP calculation.
Number of states: 10
Zeroth order Hamiltonian
-109.3075014100   -0.0000000000   -0.0098650100    0.0001935300   -0.0025726700   -0.0000444800    0.0001327900    0.0000009700   -0.0000000000   -0.0000000000
  -0.0000000000 -109.3075014100   -0.0001935300   -0.0098650200    0.0000444800   -0.0025726600    0.0000009700   -0.0001327900   -0.0000000000   -0.0000000000
  -0.0098650100   -0.0001935300 -109.2507014700   -0.0000000000    0.0313621200    0.0010737700    0.0066219300   -0.0002309800   -0.0000000000    0.0000000000
   0.0001935300   -0.0098650200   -0.0000000000 -109.2507014800   -0.0010737700    0.0313621300   -0.0002309700   -0.0066219500   -0.0000000000    0.0000000000
  -0.0025726700    0.0000444800    0.0313621200   -0.0010737700 -109.2259775200   -0.0000000000   -0.0395022700    0.0000111500    0.0000000000   -0.0000000000
  -0.0000444800   -0.0025726600    0.0010737700    0.0313621300   -0.0000000000 -109.2259775400    0.0000111500    0.0395023100    0.0000000000   -0.0000000000
   0.0001327900    0.0000009700    0.0066219300   -0.0002309700   -0.0395022700    0.0000111500 -109.0686215300    0.0000000000    0.0000000000   -0.0000000000
   0.0000009700   -0.0001327900   -0.0002309800   -0.0066219500    0.0000111500    0.0395023100    0.0000000000 -109.0686215600   -0.0000000000    0.0000000000
  -0.0000000000   -0.0000000000   -0.0000000000   -0.0000000000    0.0000000000    0.0000000000    0.0000000000   -0.0000000000 -109.0307684100   -0.0000000000
  -0.0000000000   -0.0000000000    0.0000000000    0.0000000000   -0.0000000000   -0.0000000000   -0.0000000000    0.0000000000   -0.0000000000 -109.0307684100
CAP matrix
-4.48078334e+01 -3.46971341e-11  2.18690453e+01 -4.87351926e-01  1.01088266e+01 -2.71459299e-01 -4.93005066e+00 -1.46145786e-01  1.03297104e-11 -1.37673393e-10
-3.46971341e-11 -4.48078334e+01  4.87351926e-01  2.18690453e+01  2.71459299e-01  1.01088266e+01 -1.46145786e-01  4.93005066e+00 -1.38005794e-10 -4.61348724e-12
 2.18690453e+01  4.87351926e-01 -2.24698991e+01 -2.43607634e-11 -1.55224302e+01  7.08743278e-02  1.02163504e+01  7.51310457e-02 -9.36933616e-12  2.56684682e-10
-4.87351926e-01  2.18690453e+01 -2.43607634e-11 -2.24698991e+01 -7.08743278e-02 -1.55224302e+01  7.51310457e-02 -1.02163504e+01  2.70949165e-10  9.09065625e-12
 1.01088266e+01  2.71459299e-01 -1.55224302e+01 -7.08743278e-02 -1.40795459e+01  1.39807350e-11  1.16779609e+01  3.25580631e-02 -3.31520075e-11  4.07914461e-10
-2.71459299e-01  1.01088266e+01  7.08743278e-02 -1.55224302e+01  1.39807350e-11 -1.40795459e+01  3.25580631e-02 -1.16779609e+01  4.01349597e-10 -3.74160833e-12
-4.93005066e+00 -1.46145786e-01  1.02163504e+01  7.51310457e-02  1.16779609e+01  3.25580631e-02 -1.15451066e+01  2.37213228e-12 -1.00623811e-10  1.02148876e-09
-1.46145786e-01  4.93005066e+00  7.51310457e-02 -1.02163504e+01  3.25580631e-02 -1.16779609e+01  2.37213228e-12 -1.15451066e+01 -1.03713486e-09 -9.29420961e-12
 1.03297104e-11 -1.38005794e-10 -9.36933616e-12  2.70949165e-10 -3.31520075e-11  4.01349597e-10 -1.00623811e-10 -1.03713486e-09 -4.48627549e+01 -1.00950359e-11
-1.37673393e-10 -4.61348724e-12  2.56684682e-10  9.09065625e-12  4.07914461e-10 -3.74160833e-12  1.02148876e-09 -9.29420961e-12 -1.00950359e-11 -4.48627549e+01
Wall time:1.45111500
Job finished: 2021-02-01 22:52:00
Thank you for using OpenCAP!
