Number of basis functions:124
Calculating CAP matrix in AO basis...
Integration time:2.578567
converged SCF energy = -1.13347576118567
Verified overlap matrix.
Printing out matrices required for Projected CAP calculation.
Number of states: 10
Zeroth order Hamiltonian
-0.691837  0.000000  0.00000  0.000000  0.000000  0.000000  0.000000  0.000000  0.000000  0.000000
 0.000000 -0.626352  0.00000  0.000000  0.000000  0.000000  0.000000  0.000000  0.000000  0.000000
 0.000000  0.000000 -0.62428  0.000000  0.000000  0.000000  0.000000  0.000000  0.000000  0.000000
 0.000000  0.000000  0.00000 -0.600612  0.000000  0.000000  0.000000  0.000000  0.000000  0.000000
 0.000000  0.000000  0.00000  0.000000 -0.600539  0.000000  0.000000  0.000000  0.000000  0.000000
 0.000000  0.000000  0.00000  0.000000  0.000000 -0.588962  0.000000  0.000000  0.000000  0.000000
 0.000000  0.000000  0.00000  0.000000  0.000000  0.000000 -0.572309  0.000000  0.000000  0.000000
 0.000000  0.000000  0.00000  0.000000  0.000000  0.000000  0.000000 -0.562194  0.000000  0.000000
 0.000000  0.000000  0.00000  0.000000  0.000000  0.000000  0.000000  0.000000 -0.499538  0.000000
 0.000000  0.000000  0.00000  0.000000  0.000000  0.000000  0.000000  0.000000  0.000000 -0.423829
CAP matrix
-1.411784  -0.419729   5.036851    0.102612   -0.067191    1.077574   -1.249742   -2.161338   0.156059   0.133469
-0.419729 -20.818500   1.571066    9.604471   36.106956   -2.316716    4.447681   -0.110442   1.560677  -0.002436
 5.036851   1.571066 -52.863403   58.331646  -18.590321   15.013557    0.050812   -1.061462   0.037397   1.514628
 0.102612   9.604471  58.331646 -303.407094   41.885635  234.938969  -12.246440   12.289829   6.240938   2.691381
-0.067191  36.106956 -18.590321   41.885635 -157.261283  -36.336108  -94.497331   12.051458  26.735330   5.875838
 1.077574  -2.316716  15.013557  234.938969  -36.336108 -640.261198   95.880329  222.832328 -19.530777  55.313098
-1.249742   4.447681   0.050812  -12.246440  -94.497331   95.880329 -148.996188  -54.355169  63.338257 -14.255920
-2.161338  -0.110442  -1.061462   12.289829   12.051458  222.832328  -54.355169 -185.744264   3.149917 -62.081158
 0.156059   1.560677   0.037397    6.240938   26.735330  -19.530777   63.338257    3.149917 -42.169500  -4.034457
 0.133469  -0.002436   1.514628    2.691381    5.875838   55.313098  -14.255920  -62.081158  -4.034457 -27.334090
