Welcome to OpenCAP!
Number of basis functions:119
Successfully read in zeroth order Hamiltonian from file:symm.out
Successfully read in densities from file:symm.rassi.h5
Calculating CAP matrix in AO basis...
Integration time:11.135381
Verified overlap matrix.
Printing out matrices required for Projected CAP calculation.
Number of states: 10
Zeroth order Hamiltonian
-109.3057148700    0.0020565300   -0.0037937500    0.0024100200    0.0002373000    0.0001747700    0.0085267900    0.0000805000   -0.0003370400   -0.0003558500
   0.0020565300 -109.2384268300    0.0269332300   -0.0202978500   -0.0000038300   -0.0000677900   -0.0019507400   -0.0004799600    0.0000665800   -0.0000248900
  -0.0037937500    0.0269332300 -109.2146395700    0.0551375000   -0.0000760300    0.0000911600    0.0052824300    0.0000358400    0.0000447900    0.0000292200
   0.0024100200   -0.0202978500    0.0551375000 -109.0750636900    0.0000637700   -0.0000456200   -0.0045604900    0.0000361000   -0.0001037000   -0.0000063600
   0.0002373000   -0.0000038300   -0.0000760300    0.0000637700 -108.6693166900    0.0000746800   -0.0006111100   -0.0008971900   -0.0003514300   -0.0000999600
   0.0001747700   -0.0000677900    0.0000911600   -0.0000456200    0.0000746800 -108.6691032700   -0.0003884500    0.0001806500    0.0004972500    0.0000523700
   0.0085267900   -0.0019507400    0.0052824300   -0.0045604900   -0.0006111100   -0.0003884500 -108.6678797100   -0.0004299400    0.0002130000    0.0000010600
   0.0000805000   -0.0004799600    0.0000358400    0.0000361000   -0.0008971900    0.0001806500   -0.0004299400 -108.6102572500    0.0003434000    0.0000079500
  -0.0003370400    0.0000665800    0.0000447900   -0.0001037000   -0.0003514300    0.0004972500    0.0002130000    0.0003434000 -108.5996150300    0.0000410600
  -0.0003558500   -0.0000248900    0.0000292200   -0.0000063600   -0.0000999600    0.0000523700    0.0000010600    0.0000079500    0.0000410600 -108.5996042700
CAP matrix
-4.48960378e+01 -2.20847840e+01 -9.66355289e+00 -4.69594131e+00  8.59235976e-04  2.22761606e-04  1.13168846e-03  1.38006995e-03  1.23140310e-04 -1.36658163e-04
-2.20847840e+01 -2.33350743e+01 -1.55337976e+01 -1.02030070e+01 -2.77616149e-03  8.02102433e-05 -4.58126651e-04 -4.79823529e-03 -1.11831685e-03  4.59849027e-07
-9.66355289e+00 -1.55337976e+01 -1.37388382e+01 -1.13562939e+01  6.43516731e-03 -1.44665555e-04 -3.69597604e-04  1.28454150e-02  1.71338122e-03  8.88417054e-05
-4.69594131e+00 -1.02030070e+01 -1.13562939e+01 -1.10641728e+01 -1.99820808e-03  1.52999954e-03  2.79545816e-03 -5.52235412e-03 -9.93125466e-04 -2.48569357e-05
 8.59235976e-04 -2.77616149e-03  6.43516731e-03 -1.99820808e-03 -4.51379553e+01  1.69208695e-01  3.22266535e-01  9.90651567e-01 -2.65179933e-01  1.89929298e-02
 2.22761606e-04  8.02102433e-05 -1.44665555e-04  1.52999954e-03  1.69208695e-01 -4.53367369e+01  3.31467319e-01  3.13289077e+00 -1.96576564e+00  1.06948619e-02
 1.13168846e-03 -4.58126651e-04 -3.69597604e-04  2.79545816e-03  3.22266535e-01  3.31467319e-01 -4.56455521e+01  1.54097467e+00 -5.84200996e-02 -1.03483556e-02
 1.38006995e-03 -4.79823529e-03  1.28454150e-02 -5.52235412e-03  9.90651567e-01  3.13289077e+00  1.54097467e+00 -4.45593404e+01 -3.73402202e-01 -9.91599754e-03
 1.23140310e-04 -1.11831685e-03  1.71338122e-03 -9.93125466e-04 -2.65179933e-01 -1.96576564e+00 -5.84200996e-02 -3.73402202e-01 -4.48216488e+01 -1.02471900e-01
-1.36658163e-04  4.59849027e-07  8.88417054e-05 -2.48569357e-05  1.89929298e-02  1.06948619e-02 -1.03483556e-02 -9.91599754e-03 -1.02471900e-01 -4.57563364e+01
Wall time:1.17311020e+01
