Welcome to OpenCAP: An open-source program for studying resonances in molecules.
Version 1.0.1
Developed by James Gayvert and Ksenia Bravaya. Distributed under the MIT license.
For questions and support, please visit: https://github.com/gayverjr/opencap

Starting perturbative CAP calculation.
Number of basis functions:140
Successfully read in zeroth order Hamiltonian from file:cart.out
Successfully read in densities from file:cart.rassi.h5
Calculating CAP matrix in AO basis...
Integration time:2.042453
Warning: the overlap matrices differ numerically, but there are no non-matching zeroes.
If you are using cartesian GTOs, this is expected.
Trying to re-normalize...
Verified overlap matrix after re-normalization.
Printing out matrices required for Perturbative CAP calculation.
Number of states: 10
Zeroth order Hamiltonian
-109.3092622300   -0.0000000000    0.0001871100   -0.0020334800    0.0030772100    0.0016991400   -0.0003406400   -0.0020807700   -0.0000000000    0.0000000000
  -0.0000000000 -109.3092622300   -0.0020334800   -0.0001871100   -0.0016991200    0.0030772300    0.0020807700   -0.0003406400   -0.0000000000   -0.0000000000
   0.0001871100   -0.0020334800 -109.2446878200    0.0000000000   -0.0149821200    0.0220759400    0.0196369900   -0.0013869600   -0.0000000000    0.0000000000
  -0.0020334800   -0.0001871100    0.0000000000 -109.2446877700    0.0220759200    0.0149821400   -0.0013869600   -0.0196369900   -0.0000000000   -0.0000000000
   0.0030772100   -0.0016991200   -0.0149821200    0.0220759200 -109.2224700600   -0.0000000000    0.0305376700    0.0388016700    0.0000000000    0.0000000000
   0.0016991400    0.0030772300    0.0220759400    0.0149821400   -0.0000000000 -109.2224706600   -0.0388016500    0.0305376700    0.0000000000   -0.0000000000
  -0.0003406400    0.0020807700    0.0196369900   -0.0013869600    0.0305376700   -0.0388016500 -109.0864283100   -0.0000000000   -0.0000000000   -0.0000000000
  -0.0020807700   -0.0003406400   -0.0013869600   -0.0196369900    0.0388016700    0.0305376700   -0.0000000000 -109.0864283700    0.0000000000   -0.0000000000
  -0.0000000000   -0.0000000000   -0.0000000000   -0.0000000000    0.0000000000    0.0000000000   -0.0000000000    0.0000000000 -109.0332368600    0.0000000000
   0.0000000000   -0.0000000000    0.0000000000   -0.0000000000    0.0000000000   -0.0000000000   -0.0000000000   -0.0000000000    0.0000000000 -109.0332365100
CAP matrix
-4.51271792e+01  1.11939080e-09 -2.03468310e+00  2.21129699e+01  8.55516288e+00  4.72390681e+00  7.06856341e-01  4.31782412e+00  7.11796957e-11  3.71540927e-12
 1.11939080e-09 -4.51271792e+01  2.21129699e+01  2.03468310e+00 -4.72390684e+00  8.55516292e+00 -4.31782411e+00  7.06856341e-01 -9.67988373e-12 -8.80539751e-11
-2.03468310e+00  2.21129699e+01 -2.34176350e+01  2.20204122e-09  8.92821746e+00 -1.31555737e+01  1.02281837e+01 -7.22412512e-01 -7.43350648e-14 -5.18441430e-11
 2.21129699e+01  2.03468310e+00  2.20204122e-09 -2.34176350e+01 -1.31555736e+01 -8.92821745e+00 -7.22412514e-01 -1.02281837e+01  4.63275506e-11 -4.48413134e-12
 8.55516288e+00 -4.72390684e+00  8.92821746e+00 -1.31555736e+01 -1.45209500e+01  1.15303922e-08 -7.45079133e+00 -9.46710923e+00 -7.21895489e-10 -4.93795320e-10
 4.72390681e+00  8.55516292e+00 -1.31555737e+01 -8.92821745e+00  1.15303922e-08 -1.45209500e+01  9.46710923e+00 -7.45079133e+00 -3.43880508e-10  8.16435862e-10
 7.06856341e-01 -4.31782411e+00  1.02281837e+01 -7.22412514e-01 -7.45079133e+00  9.46710923e+00 -1.19598509e+01 -5.88937232e-11  2.71505646e-10  1.44531371e-09
 4.31782412e+00  7.06856341e-01 -7.22412512e-01 -1.02281837e+01 -9.46710923e+00 -7.45079133e+00 -5.88937232e-11 -1.19598510e+01  1.24624302e-09 -2.01852603e-10
 7.11796957e-11 -9.67988373e-12 -7.43350648e-14  4.63275506e-11 -7.21895489e-10 -3.43880508e-10  2.71505646e-10  1.24624302e-09 -4.51809044e+01 -1.34653177e-10
 3.71540927e-12 -8.80539751e-11 -5.18441430e-11 -4.48413134e-12 -4.93795320e-10  8.16435862e-10  1.44531371e-09 -2.01852603e-10 -1.34653177e-10 -4.51809044e+01
Wall time:3.16661800e+00

Job finished: Tue Nov 24 20:18:58 2020
Thank you for using OpenCAP!
