Welcome to OpenCAP: An open-source program for studying resonances in molecules.
Version 1.0.3
Developed by James Gayvert and Ksenia Bravaya. Distributed under the MIT license.
For questions and support, please visit: https://github.com/gayverjr/opencap

Starting perturbative CAP calculation.
Number of basis functions:140
Successfully read in zeroth order Hamiltonian from file:cart.out
Reading densities from file:cart.rassi.h5
Done.
Warning: the overlap matrices differ numerically, but there are no non-matching zeroes.
If you are using cartesian GTOs, this is expected.
Trying to re-normalize...
Verified overlap matrix after re-normalization.
Calculating CAP matrix in AO basis using 4
Radial precision: 1.00e-14 Angular points: 110
Grid for atom 1 has: 148 radial points, 110 angular points, 16280 total points.
Grid for atom 2 has: 148 radial points, 110 angular points, 16280 total points.
Grid for atom 3 has: 98 radial points, 110 angular points, 10780 total points.
Integration time:0.574807
Printing out matrices required for Perturbative CAP calculation.
Number of states: 10
Zeroth order Hamiltonian
-109.3092622300   -0.0000000000    0.0001871100   -0.0020334800    0.0030772100    0.0016991400   -0.0003406400   -0.0020807700   -0.0000000000    0.0000000000
  -0.0000000000 -109.3092622300   -0.0020334800   -0.0001871100   -0.0016991200    0.0030772300    0.0020807700   -0.0003406400   -0.0000000000   -0.0000000000
   0.0001871100   -0.0020334800 -109.2446878200    0.0000000000   -0.0149821200    0.0220759400    0.0196369900   -0.0013869600   -0.0000000000    0.0000000000
  -0.0020334800   -0.0001871100    0.0000000000 -109.2446877700    0.0220759200    0.0149821400   -0.0013869600   -0.0196369900   -0.0000000000   -0.0000000000
   0.0030772100   -0.0016991200   -0.0149821200    0.0220759200 -109.2224700600   -0.0000000000    0.0305376700    0.0388016700    0.0000000000    0.0000000000
   0.0016991400    0.0030772300    0.0220759400    0.0149821400   -0.0000000000 -109.2224706600   -0.0388016500    0.0305376700    0.0000000000   -0.0000000000
  -0.0003406400    0.0020807700    0.0196369900   -0.0013869600    0.0305376700   -0.0388016500 -109.0864283100   -0.0000000000   -0.0000000000   -0.0000000000
  -0.0020807700   -0.0003406400   -0.0013869600   -0.0196369900    0.0388016700    0.0305376700   -0.0000000000 -109.0864283700    0.0000000000   -0.0000000000
  -0.0000000000   -0.0000000000   -0.0000000000   -0.0000000000    0.0000000000    0.0000000000   -0.0000000000    0.0000000000 -109.0332368600    0.0000000000
   0.0000000000   -0.0000000000    0.0000000000   -0.0000000000    0.0000000000   -0.0000000000   -0.0000000000   -0.0000000000    0.0000000000 -109.0332365100
CAP matrix
-4.51271798e+01  1.11934817e-09 -2.03468312e+00  2.21129701e+01  8.55516329e+00  4.72390704e+00  7.06856446e-01  4.31782476e+00  7.11801029e-11  3.71539911e-12
 1.11934817e-09 -4.51271798e+01  2.21129701e+01  2.03468312e+00 -4.72390706e+00  8.55516333e+00 -4.31782475e+00  7.06856446e-01 -9.67988063e-12 -8.80543664e-11
-2.03468312e+00  2.21129701e+01 -2.34176342e+01  2.20210161e-09  8.92821704e+00 -1.31555730e+01  1.02281831e+01 -7.22412468e-01 -7.44871448e-14 -5.18462876e-11
 2.21129701e+01  2.03468312e+00  2.20210161e-09 -2.34176342e+01 -1.31555730e+01 -8.92821703e+00 -7.22412470e-01 -1.02281831e+01  4.63286200e-11 -4.48439176e-12
 8.55516329e+00 -4.72390706e+00  8.92821704e+00 -1.31555730e+01 -1.45209497e+01  1.15302394e-08 -7.45079137e+00 -9.46710928e+00 -7.21898877e-10 -4.93796954e-10
 4.72390704e+00  8.55516333e+00 -1.31555730e+01 -8.92821703e+00  1.15302394e-08 -1.45209497e+01  9.46710928e+00 -7.45079137e+00 -3.43882317e-10  8.16438673e-10
 7.06856446e-01 -4.31782475e+00  1.02281831e+01 -7.22412470e-01 -7.45079137e+00  9.46710928e+00 -1.19598516e+01 -5.91246496e-11  2.71506049e-10  1.44531528e-09
 4.31782476e+00  7.06856446e-01 -7.22412468e-01 -1.02281831e+01 -9.46710928e+00 -7.45079137e+00 -5.91246496e-11 -1.19598516e+01  1.24624479e-09 -2.01852921e-10
 7.11801029e-11 -9.67988063e-12 -7.44871448e-14  4.63286200e-11 -7.21898877e-10 -3.43882317e-10  2.71506049e-10  1.24624479e-09 -4.51809050e+01 -1.34686928e-10
 3.71539911e-12 -8.80543664e-11 -5.18462876e-11 -4.48439176e-12 -4.93796954e-10  8.16438673e-10  1.44531528e-09 -2.01852921e-10 -1.34686928e-10 -4.51809050e+01
Wall time:1.72655300
Job finished: 2021-02-01 22:18:00
Thank you for using OpenCAP!
