Full
-109.3075014100   -0.0000000000   -0.0098650100    0.0001935300   -0.0025726700   -0.0000444800    0.0001327900    0.0000009700   -0.0000000000   -0.0000000000
  -0.0000000000 -109.3075014100   -0.0001935300   -0.0098650200    0.0000444800   -0.0025726600    0.0000009700   -0.0001327900   -0.0000000000   -0.0000000000
  -0.0098650100   -0.0001935300 -109.2507014700   -0.0000000000    0.0313621200    0.0010737700    0.0066219300   -0.0002309800   -0.0000000000    0.0000000000
   0.0001935300   -0.0098650200   -0.0000000000 -109.2507014800   -0.0010737700    0.0313621300   -0.0002309700   -0.0066219500   -0.0000000000    0.0000000000
  -0.0025726700    0.0000444800    0.0313621200   -0.0010737700 -109.2259775200   -0.0000000000   -0.0395022700    0.0000111500    0.0000000000   -0.0000000000
  -0.0000444800   -0.0025726600    0.0010737700    0.0313621300   -0.0000000000 -109.2259775400    0.0000111500    0.0395023100    0.0000000000   -0.0000000000
   0.0001327900    0.0000009700    0.0066219300   -0.0002309700   -0.0395022700    0.0000111500 -109.0686215300    0.0000000000    0.0000000000   -0.0000000000
   0.0000009700   -0.0001327900   -0.0002309800   -0.0066219500    0.0000111500    0.0395023100    0.0000000000 -109.0686215600   -0.0000000000    0.0000000000
  -0.0000000000   -0.0000000000   -0.0000000000   -0.0000000000    0.0000000000    0.0000000000    0.0000000000   -0.0000000000 -109.0307684100   -0.0000000000
  -0.0000000000   -0.0000000000    0.0000000000    0.0000000000   -0.0000000000   -0.0000000000   -0.0000000000    0.0000000000   -0.0000000000 -109.0307684100