Welcome to OpenCAP: An open-source program for studying resonances in molecules.
Version 1.0.3
Developed by James Gayvert and Ksenia Bravaya. Distributed under the MIT license.
For questions and support, please visit: https://github.com/gayverjr/opencap

Starting perturbative CAP calculation.
Number of basis functions:119
Successfully read in zeroth order Hamiltonian from file:symm.out
Reading densities from file:symm.rassi.h5
Done.
Verified overlap matrix.
Calculating CAP matrix in AO basis using 4
Radial precision: 1.00e-14 Angular points: 590
Grid for atom 1 has: 148 radial points, 590 angular points, 87320 total points.
Grid for atom 2 has: 148 radial points, 590 angular points, 87320 total points.
Grid for atom 3 has: 98 radial points, 590 angular points, 57820 total points.
Integration time:3.059641
Printing out matrices required for Perturbative CAP calculation.
Number of states: 10
Zeroth order Hamiltonian
-109.3057143600   -0.0020567400    0.0037944000   -0.0024110200   -0.0002372700    0.0001746100   -0.0085375900   -0.0000818500    0.0003368300    0.0003554900
  -0.0020567400 -109.2384265400    0.0269325600   -0.0202980100   -0.0000038200    0.0000675800   -0.0020226600   -0.0004799500    0.0000663100   -0.0000252500
   0.0037944000    0.0269325600 -109.2146371100    0.0551382500   -0.0000760800   -0.0000906600    0.0054629000    0.0000357700    0.0000449700    0.0000294900
  -0.0024110200   -0.0202980100    0.0551382500 -109.0750647600    0.0000637600    0.0000452600   -0.0047118300    0.0000360600   -0.0001038900   -0.0000064300
  -0.0002372700   -0.0000038200   -0.0000760800    0.0000637600 -108.6693168100   -0.0000749600   -0.0006118700   -0.0008982900   -0.0003516800   -0.0000998600
   0.0001746100    0.0000675800   -0.0000906600    0.0000452600   -0.0000749600 -108.6691020200    0.0003894300   -0.0001806500   -0.0004972700   -0.0000521100
  -0.0085375900   -0.0020226600    0.0054629000   -0.0047118300   -0.0006118700    0.0003894300 -108.6678733000   -0.0004332200    0.0002154400    0.0000011600
  -0.0000818500   -0.0004799500    0.0000357700    0.0000360600   -0.0008982900   -0.0001806500   -0.0004332200 -108.6102573600    0.0003420200    0.0000071800
   0.0003368300    0.0000663100    0.0000449700   -0.0001038900   -0.0003516800   -0.0004972700    0.0002154400    0.0003420200 -108.5996146500    0.0000414400
   0.0003554900   -0.0000252500    0.0000294900   -0.0000064300   -0.0000998600   -0.0000521100    0.0000011600    0.0000071800    0.0000414400 -108.5996036200
CAP matrix
-4.48961438e+01  2.20845599e+01  9.66417642e+00  4.69588262e+00 -8.49115993e-04  2.24100941e-04 -1.13335554e-03 -1.37724760e-03 -1.15705056e-04  1.28274291e-04
 2.20845599e+01 -2.33346672e+01 -1.55340678e+01 -1.02027669e+01 -2.71835005e-03 -7.40725331e-05 -4.35022140e-04 -4.78924254e-03 -1.05480759e-03 -1.37242917e-05
 9.66417642e+00 -1.55340678e+01 -1.37392409e+01 -1.13562332e+01  6.32647626e-03  1.34946949e-04 -3.55526048e-04  1.28338963e-02  1.65315865e-03  1.76004113e-04
 4.69588262e+00 -1.02027669e+01 -1.13562332e+01 -1.10638392e+01 -1.93373012e-03 -1.52375430e-03  2.80286239e-03 -5.53162284e-03 -9.42108538e-04 -6.36164168e-05
-8.49115993e-04 -2.71835005e-03  6.32647626e-03 -1.93373012e-03 -4.51266634e+01 -1.66912908e-01  3.22025086e-01  9.91252502e-01 -2.64911160e-01  1.91583430e-02
 2.24100941e-04 -7.40725331e-05  1.34946949e-04 -1.52375430e-03 -1.66912908e-01 -4.53362578e+01 -3.31604734e-01 -3.13317406e+00  1.96566400e+00 -1.16219033e-02
-1.13335554e-03 -4.35022140e-04 -3.55526048e-04  2.80286239e-03  3.22025086e-01 -3.31604734e-01 -4.56454823e+01  1.54147957e+00 -5.80358313e-02 -1.01920586e-02
-1.37724760e-03 -4.78924254e-03  1.28338963e-02 -5.53162284e-03  9.91252502e-01 -3.13317406e+00  1.54147957e+00 -4.45476997e+01 -3.72395555e-01 -8.91784467e-03
-1.15705056e-04 -1.05480759e-03  1.65315865e-03 -9.42108538e-04 -2.64911160e-01  1.96566400e+00 -5.80358313e-02 -3.72395555e-01 -4.48157691e+01 -1.08293226e-01
 1.28274291e-04 -1.37242917e-05  1.76004113e-04 -6.36164168e-05  1.91583430e-02 -1.16219033e-02 -1.01920586e-02 -8.91784467e-03 -1.08293226e-01 -4.57505287e+01
Wall time:3.83870400
Job finished: 2021-02-01 22:18:00
Thank you for using OpenCAP!
