Welcome to OpenCAP: An open-source program for studying resonances in molecules.
Version 1.0.1
Developed by James Gayvert and Ksenia Bravaya. Distributed under the MIT license.
For questions and support, please visit: https://github.com/gayverjr/opencap

Starting perturbative CAP calculation.
Number of basis functions:119
Successfully read in zeroth order Hamiltonian from file:symm.out
Successfully read in densities from file:symm.rassi.h5
Calculating CAP matrix in AO basis...
Integration time:11.332718
Verified overlap matrix.
Printing out matrices required for Perturbative CAP calculation.
Number of states: 10
Zeroth order Hamiltonian
-109.3057143600   -0.0020567400    0.0037944000   -0.0024110200   -0.0002372700    0.0001746100   -0.0085375900   -0.0000818500    0.0003368300    0.0003554900
  -0.0020567400 -109.2384265400    0.0269325600   -0.0202980100   -0.0000038200    0.0000675800   -0.0020226600   -0.0004799500    0.0000663100   -0.0000252500
   0.0037944000    0.0269325600 -109.2146371100    0.0551382500   -0.0000760800   -0.0000906600    0.0054629000    0.0000357700    0.0000449700    0.0000294900
  -0.0024110200   -0.0202980100    0.0551382500 -109.0750647600    0.0000637600    0.0000452600   -0.0047118300    0.0000360600   -0.0001038900   -0.0000064300
  -0.0002372700   -0.0000038200   -0.0000760800    0.0000637600 -108.6693168100   -0.0000749600   -0.0006118700   -0.0008982900   -0.0003516800   -0.0000998600
   0.0001746100    0.0000675800   -0.0000906600    0.0000452600   -0.0000749600 -108.6691020200    0.0003894300   -0.0001806500   -0.0004972700   -0.0000521100
  -0.0085375900   -0.0020226600    0.0054629000   -0.0047118300   -0.0006118700    0.0003894300 -108.6678733000   -0.0004332200    0.0002154400    0.0000011600
  -0.0000818500   -0.0004799500    0.0000357700    0.0000360600   -0.0008982900   -0.0001806500   -0.0004332200 -108.6102573600    0.0003420200    0.0000071800
   0.0003368300    0.0000663100    0.0000449700   -0.0001038900   -0.0003516800   -0.0004972700    0.0002154400    0.0003420200 -108.5996146500    0.0000414400
   0.0003554900   -0.0000252500    0.0000294900   -0.0000064300   -0.0000998600   -0.0000521100    0.0000011600    0.0000071800    0.0000414400 -108.5996036200
CAP matrix
-4.48961438e+01  2.20845599e+01  9.66417649e+00  4.69588272e+00 -8.49116002e-04  2.24100964e-04 -1.13335548e-03 -1.37724762e-03 -1.15705060e-04  1.28274284e-04
 2.20845599e+01 -2.33346672e+01 -1.55340676e+01 -1.02027666e+01 -2.71835008e-03 -7.40724406e-05 -4.35022036e-04 -4.78924259e-03 -1.05480758e-03 -1.37242926e-05
 9.66417649e+00 -1.55340676e+01 -1.37392405e+01 -1.13562327e+01  6.32647626e-03  1.34946839e-04 -3.55526334e-04  1.28338962e-02  1.65315864e-03  1.76004111e-04
 4.69588272e+00 -1.02027666e+01 -1.13562327e+01 -1.10638387e+01 -1.93373017e-03 -1.52375423e-03  2.80286249e-03 -5.53162293e-03 -9.42108534e-04 -6.36164161e-05
-8.49116002e-04 -2.71835008e-03  6.32647626e-03 -1.93373017e-03 -4.51266634e+01 -1.66912908e-01  3.22025086e-01  9.91252503e-01 -2.64911160e-01  1.91583430e-02
 2.24100964e-04 -7.40724406e-05  1.34946839e-04 -1.52375423e-03 -1.66912908e-01 -4.53362578e+01 -3.31604734e-01 -3.13317406e+00  1.96566400e+00 -1.16219034e-02
-1.13335548e-03 -4.35022036e-04 -3.55526334e-04  2.80286249e-03  3.22025086e-01 -3.31604734e-01 -4.56454823e+01  1.54147957e+00 -5.80358313e-02 -1.01920586e-02
-1.37724762e-03 -4.78924259e-03  1.28338962e-02 -5.53162293e-03  9.91252503e-01 -3.13317406e+00  1.54147957e+00 -4.45476997e+01 -3.72395556e-01 -8.91784462e-03
-1.15705060e-04 -1.05480758e-03  1.65315864e-03 -9.42108534e-04 -2.64911160e-01  1.96566400e+00 -5.80358313e-02 -3.72395556e-01 -4.48157691e+01 -1.08293226e-01
 1.28274284e-04 -1.37242926e-05  1.76004111e-04 -6.36164161e-05  1.91583430e-02 -1.16219034e-02 -1.01920586e-02 -8.91784462e-03 -1.08293226e-01 -4.57505287e+01
Wall time:1.19436880e+01

Job finished: Tue Nov 24 20:17:58 2020
Thank you for using OpenCAP!
