Welcome to OpenCAP!
Number of basis functions:119
Reading in Hamiltonian from:heff.in
Successfully read in zeroth order Hamiltonian from file:heff.in
Successfully read in densities from file:nosymm.rassi.h5
Calculating CAP matrix in AO basis...
Integration time:2.043993
Verified overlap matrix.
Printing out matrices required for Perturbative CAP calculation.
Number of states: 10
Zeroth order Hamiltonian
-109.3075014100   -0.0000000000   -0.0098650100    0.0001935300   -0.0025726700   -0.0000444800    0.0001327900    0.0000009700   -0.0000000000   -0.0000000000
  -0.0000000000 -109.3075014100   -0.0001935300   -0.0098650200    0.0000444800   -0.0025726600    0.0000009700   -0.0001327900   -0.0000000000   -0.0000000000
  -0.0098650100   -0.0001935300 -109.2507014700   -0.0000000000    0.0313621200    0.0010737700    0.0066219300   -0.0002309800   -0.0000000000    0.0000000000
   0.0001935300   -0.0098650200   -0.0000000000 -109.2507014800   -0.0010737700    0.0313621300   -0.0002309700   -0.0066219500   -0.0000000000    0.0000000000
  -0.0025726700    0.0000444800    0.0313621200   -0.0010737700 -109.2259775200   -0.0000000000   -0.0395022700    0.0000111500    0.0000000000   -0.0000000000
  -0.0000444800   -0.0025726600    0.0010737700    0.0313621300   -0.0000000000 -109.2259775400    0.0000111500    0.0395023100    0.0000000000   -0.0000000000
   0.0001327900    0.0000009700    0.0066219300   -0.0002309700   -0.0395022700    0.0000111500 -109.0686215300    0.0000000000    0.0000000000   -0.0000000000
   0.0000009700   -0.0001327900   -0.0002309800   -0.0066219500    0.0000111500    0.0395023100    0.0000000000 -109.0686215600   -0.0000000000    0.0000000000
  -0.0000000000   -0.0000000000   -0.0000000000   -0.0000000000    0.0000000000    0.0000000000    0.0000000000   -0.0000000000 -109.0307684100   -0.0000000000
  -0.0000000000   -0.0000000000    0.0000000000    0.0000000000   -0.0000000000   -0.0000000000   -0.0000000000    0.0000000000   -0.0000000000 -109.0307684100
CAP matrix
-4.48078328e+01 -3.46962459e-11  2.18690451e+01 -4.87351921e-01  1.01088261e+01 -2.71459287e-01 -4.93005004e+00 -1.46145768e-01  1.03295589e-11 -1.37673377e-10
-3.46962459e-11 -4.48078328e+01  4.87351921e-01  2.18690451e+01  2.71459287e-01  1.01088261e+01 -1.46145768e-01  4.93005004e+00 -1.38005779e-10 -4.61347715e-12
 2.18690451e+01  4.87351921e-01 -2.24698998e+01 -2.43587650e-11 -1.55224308e+01  7.08743307e-02  1.02163509e+01  7.51310495e-02 -9.37017717e-12  2.56684692e-10
-4.87351921e-01  2.18690451e+01 -2.43587650e-11 -2.24698998e+01 -7.08743307e-02 -1.55224308e+01  7.51310495e-02 -1.02163509e+01  2.70949175e-10  9.09070599e-12
 1.01088261e+01  2.71459287e-01 -1.55224308e+01 -7.08743307e-02 -1.40795462e+01  1.39870338e-11  1.16779608e+01  3.25580627e-02 -3.31515233e-11  4.07914468e-10
-2.71459287e-01  1.01088261e+01  7.08743307e-02 -1.55224308e+01  1.39870338e-11 -1.40795462e+01  3.25580627e-02 -1.16779608e+01  4.01349599e-10 -3.74258529e-12
-4.93005004e+00 -1.46145768e-01  1.02163509e+01  7.51310495e-02  1.16779608e+01  3.25580627e-02 -1.15451059e+01  2.36409666e-12 -1.00623498e-10  1.02148877e-09
-1.46145768e-01  4.93005004e+00  7.51310495e-02 -1.02163509e+01  3.25580627e-02 -1.16779608e+01  2.36409666e-12 -1.15451059e+01 -1.03713486e-09 -9.29374294e-12
 1.03295589e-11 -1.38005779e-10 -9.37017717e-12  2.70949175e-10 -3.31515233e-11  4.01349599e-10 -1.00623498e-10 -1.03713486e-09 -4.48627543e+01 -1.00960351e-11
-1.37673377e-10 -4.61347715e-12  2.56684692e-10  9.09070599e-12  4.07914468e-10 -3.74258529e-12  1.02148877e-09 -9.29374294e-12 -1.00960351e-11 -4.48627543e+01
Wall time:2.79768200e+00
